A	T	C	G	N
-0.3289602768187075	-0.12951746195786437	0.21180352848831752	0.3313335313986453	0
-0.33338824704316006	-0.17856798102758284	0.2818340150714168	0.3052237255338686	0
-0.3871735118230861	-0.19368735666915102	0.29980593298987773	0.3295004912354188	0
0.03617205055581284	-0.07106878791071523	-0.1858389902332642	0.30868382493205604	0
-0.17923339167185448	-0.07364976753420541	0.26921237571013984	0.12788049191606812	0
-0.26274714385437353	-0.14320580866550356	0.12237112160733443	0.37202560179249605	0
-0.26274714385437353	-0.030654145324955907	0.08012356670452275	0.3239527540783376	0
-0.19876253792560997	-0.1543495373022039	0.2522610216160911	0.22654737965471505	0
-0.2508049210187788	-0.06081097261594232	0.204106407125042	0.2369327674209119	0
-0.24488686853403033	-0.13492875768640658	0.16056647936644064	0.32584508125859785	0
-0.26274714385437353	-0.001380192520776896	0.16756849186973108	0.22863310363536016	0
-0.2044130685695237	-0.22696089808550513	0.2858811646079233	0.2492545169076418	0
0.07333885982065945	-0.140439172511523	-0.08810810243054308	0.26545084220346266	0
0.011365276198093079	-0.23908409551092896	0.18600431762192365	0.17513869462851403	0
-0.06944836448528732	-0.4908778057495087	0.24367635681201397	0.33899204496334273	0
1.313839873661108	-3.2624864240198197	-3.126641601756321	-3.175589998943332	0
-3.301280643180151	1.3526340928214395	-3.126641601756321	-3.175589998943332	0
-3.301280643180151	-3.2624864240198197	-3.126641601756321	1.4395305178979272	0
-0.08190337665671503	-0.3183774778596754	-0.01850471503870479	0.45179749023621213	0
-0.14128331658696897	-0.1543495373022039	0.3342825865503796	0.09031297997097933	0
-0.43256275485279766	-0.033132768480153105	0.08770989718394792	0.4144385315660907	0
-0.2044130685695237	-0.08927712033165482	0.14403522558446175	0.2794105862983803	0
-0.1466173737733283	-0.05318607864024532	0.2328408406779256	0.12094324591922258	0
-0.1820000278258349	-0.12128411974629781	0.06735036966560867	0.34642771450458304	0
-0.15467218977547004	0.040984066839580426	0.062195054729293736	0.20117335738154116	0
