A	T	C	G	N
0.1456054466003173	-0.20641232829887557	0.12388813646804975	0.057585731866631865	0
-0.017122503764750337	-0.22276057534807064	0.21844299091108244	0.13859839217288167	0
0.2823321609611786	-0.7082340529467387	-0.008457467778070332	0.2932992049628106	0
0.6149667202340258	-0.29791441730833623	-1.1174192580767093	0.1567949718000583	0
0.2619006516403606	-0.14462622199713937	-0.3162159694430616	0.21606718862348012	0
-0.22315941083778476	-0.3158232053977829	0.1513330409210377	0.39957500649800504	0
0.26515247552562454	-0.10482393306941708	-0.10340636312423873	0.0351977099217942	0
0.09189303839074622	0.06108889894523383	0.08492411318856644	-0.09340783667109348	0
-0.22315941083778476	-0.22932394602564782	0.18683692769376187	0.3250109466016819	0
0.08414166247430033	0.010234793239762665	0.2022206631222959	-0.16977303535855628	0
-0.04438874947269026	0.18891235387012628	0.12282019376667777	-0.13852374751849345	0
-0.19191012299772187	-0.4238509432990911	0.3174476186325915	0.2922232741752779	0
0.4646300930599442	-0.3098179026995891	-0.03338476664762453	-0.17507752477506142	0
0.3521584415965616	-0.24603556489388712	-0.12434734403631861	0.04804475198032866	0
-0.26089566925548524	-0.6155845246444503	0.12694357087723687	0.5545721549346284	0
0.7811332840156531	-1.1371980921971818	-0.13498461059592803	-0.32390608052312114	0
-0.5973239556283721	0.9505286705078125	-0.6386353794015314	-0.7479981093658064	0
-1.7509524877604603	-1.3671436897314146	-0.6386353794015314	1.1759516977292512	0
0.1910494980400944	-0.4238509432990911	0.1712128304729446	0.10590734959879995	0
0.16268081314425162	-0.04794195323261103	0.12694357087723687	-0.11320850337709629	0
-0.24454831306152233	-0.3464028875528378	0.30719181972890386	0.2955508427987502	0
0.20148364946548955	-0.0712508585797209	0.04998911353969709	-0.054945255080514684	0
-0.05775078686747908	-0.07597855271072643	0.25788953214372384	0.013412254401726923	0
-0.3897134329827169	-0.3340585757583611	0.41460506867904345	0.2617661284066662	0
0.11101261744791868	0.023192818367122524	0.0632331708023451	-0.050239806910446716	0
