A	T	C	G	N
0.12537207746154758	-0.18462251335467722	0.06387470144581758	0.1281265639918203	0
-0.14386743668631194	-0.16458760461827077	0.3098463334114523	0.12987883166645872	0
-0.07221115508477094	-0.4382931686395386	0.22518977079746902	0.33121366377541206	0
0.4319746383419616	0.011651523109915962	-0.6207197244682083	-0.018176792449492777	0
-0.1274942062089359	-0.05411839454426759	0.2431492172722499	0.09363948105955291	0
-0.007746267759879866	-0.4192782969810397	0.12019665518454159	0.35612107443986124	0
0.14143189503852754	0.03104795140045167	-0.18999486981004618	0.11794437647693934	0
-0.07734648193544043	-0.06727786436910253	0.27382243647413795	0.022264344873296246	0
-0.13020452877006447	-0.2372455887508158	0.12521599012142887	0.34278652757481554	0
0.06405046190550284	-0.06463208020319154	-0.07048258000618184	0.20306102069588855	0
-0.1917693144886324	0.023818307418075724	0.2781285190009221	0.03277803053222012	0
-0.005347955021666792	-0.6467066118747152	0.3056749679168385	0.30168163337896736	0
0.5375733460920086	-0.8276482453851373	-0.4423293160297034	0.2733086362048723	0
0.17798715716366137	-0.1733863474457105	0.21608762813079707	-0.11639109158377174	0
-0.10872488644339523	-0.5606651555932274	0.17168366099550836	0.4534144714514906	0
1.313839873661108	-3.2624864240198197	-3.126641601756321	-3.175589998943332	0
-3.301280643180151	1.3526340928214395	-3.126641601756321	-3.175589998943332	0
-3.301280643180151	-3.2624864240198197	-3.126641601756321	1.4395305178979272	0
0.027638120003030356	-0.42684091337741475	-0.25374228603466115	0.5467780280937257	0
0.06628280500595744	-0.36788329752679405	0.332482907839969	0.04834416230137876	0
-0.22403396207281825	-0.18822517622611906	0.1126200960597605	0.3841100646941421	0
0.09051520052459758	-0.09958563310264754	0.0972925594883901	0.06367169887274919	0
-0.14938530093193456	-0.12452043558339074	0.37822016195231084	0.01430589879360807	0
-0.09815563939943188	-0.2562660061953387	0.17407052483635205	0.2916405818700224	0
0.05957076978391126	-0.043714097392241434	0.08694210740911758	0.056037296971769665	0
