A	T	C	G	N
0.14646796205144852	-0.2867508595315849	0.09134069849278556	0.14556397668567198	0
-0.019875397353935953	-0.027461996899028288	0.20758847778883938	-0.011156393399822134	0
0.010850873817064812	-0.3211658181402024	0.2130607471085086	0.18387445131080257	0
0.5587161847899768	0.11083484359392771	-1.0057343108564378	-0.1525359315532903	0
0.0332275417139115	-0.17637452736004158	0.10812217545478926	0.16608834616751678	0
-0.12660146469026382	-0.385906040290324	0.2384335634029964	0.3035343042538133	0
0.17613141864132273	0.19772801028730297	-0.3429988307145156	0.013073900981305592	0
-0.17634528968883267	0.04639088063334526	0.2952230143933179	-0.04586295672140936	0
-0.02141427427769325	-0.2967601907720616	0.1141553762589571	0.28432603061554623	0
0.05658626799153987	-0.12479771929105701	-0.07027366287456241	0.2497973230710802	0
-0.06607879526215195	-0.062168560220615496	0.32489144505553114	-0.08017163900439521	0
-0.04031247449792281	-0.5045635840916399	0.29019155723795065	0.2497973230710802	0
0.5997826908995528	-0.7536308204156416	-0.4640532447530817	0.17153053647020186	0
0.259615455112984	-0.016031877284862234	0.10812217545478926	-0.28045458727285544	0
-0.3169272403100221	-0.7948737789496906	0.2115140374897544	0.5765432582327183	0
1.3495526105110969	-3.2284871343501402	-3.1667558395286965	-3.212181530850934	0
-3.2655679063301624	1.3866333824911192	-3.1667558395286965	-3.212181530850934	0
-3.2655679063301624	-3.2284871343501402	-3.1667558395286965	1.4029389859903254	0
0.1289404871811962	-0.6513052084529692	-0.2609482735026924	0.5434215553059105	0
0.15018962666332242	-0.3139649162216925	0.4398283718584096	-0.30637396482493007	0
-0.2134552993400639	-0.062168560220615496	0.21695622779243948	0.17694326957695208	0
0.021340328929865218	0.028069757485748945	0.05211998533950421	0.05662666276547588	0
-0.19844563668949855	0.09942245154218272	0.23310731912032248	-0.006188331813746968	0
-0.30029484026088005	-0.2228045299429812	0.2384335634029964	0.3223805628786449	0
0.1554321026281725	0.009406696353822271	0.01296327013831039	-0.03914024232653266	0
