A	T	C	G	N
0.06750038628240704	0.07172491064753121	0.1598244715526614	-0.1862254337725363	0
0.06750038628240704	0.10251552037317566	0.1598244715526614	-0.24692367431760878	0
0.0029201715510503963	0.3196983460524767	-0.24611739460982532	-0.1862254337725363	0
0.15716614846705493	0.13238631948550894	-0.4005065387281865	0.025307988312413567	0
0.15716614846705493	0.16139067283217898	0.11098664180491774	-0.5350230219684343	0
0.0029201715510503963	0.26966289732113763	-0.17702915332641622	-0.12900158561226324	0
0.386124664003214	-0.45000000357649517	0.29347501818387856	-0.31154563656666406	0
0.4938017304006205	-0.3498161937901259	0.1598244715526614	-0.622186178574353	0
0.06750038628240704	0.03995603823044563	0.20638781755998564	-0.1862254337725363	0
-0.06612035188606614	0.10251552037317566	0.11098664180491774	0.025307988312413567	0
-0.26298604870279146	0.13238631948550894	0.41135071936412027	-0.12900158561226324	0
-0.14028330988094764	-0.25876152433766736	0.6710313381749663	-0.12900158561226324	0
0.12816179512038472	-0.25876152433766736	0.44774483782184543	-0.1862254337725363	0
0.15716614846705493	-0.09828994597866712	0.29347501818387856	-0.24692367431760878	0
0.0029201715510503963	-0.30325284778280176	0.5495967035732329	-0.07487582147395569	0
0.5532487080899431	-0.7557580599526127	0.41135071936412027	-0.8232617323416294	0
-0.6262723807852725	0.700625376562586	-0.4005065387281865	-0.38063387785007324	0
-0.06612035188606614	-0.45000000357649517	-0.583162041092117	0.787956331875432	0
0.09829099600805165	-0.45000000357649517	0.05964066176629227	0.41508022033298514	0
0.09829099600805165	0.03995603823044563	0.1598244715526614	-0.1862254337725363	0
0.39615376223650667	0.11246876049255172	-0.931873406475868	-0.1765580352424135	0
0.07744414211553802	0.19955596111644472	-0.10277666902137945	-0.1765580352424135	0
-0.13041179528155508	0.22697747635745266	0.42123650590333794	-0.6128408402014097	0
0.07744414211553802	0.19955596111644472	0.015215069547166992	-0.3019569160570114	0
-0.02109300917495313	0.08166866648066215	0.06937015269862234	0.035087730425280135	0
