A	T	C	G	N
0.058331517823761704	-0.0029172633181521897	0.16696127258319257	-0.057708286987682184	0
0.07546402527818437	-0.04039588618458521	0.26568231814033527	-0.15206702863442484	0
0.058331517823761704	-0.11985000764108977	0.20096273472380963	0.05183692599546088	0
0.16478008830253874	-0.02148100413012815	-0.06562259440233989	0.028509532786653843	0
0.15698216981151208	-0.08931017491795033	-0.11024629758795433	0.15055797155260348	0
0.34224808559905495	-0.24055751386609595	-0.009062426265184751	-0.07065512759295298	0
0.22506653416371689	-0.10956608319391807	0.21204440841179012	-0.256265903422569	0
0.10887284474384737	-0.1407406775403212	0.2965362670066893	-0.11053281960576089	0
0.2749913337183655	-0.04039588618458521	-0.08027701843440209	-0.12418677285291638	0
0.16478008830253874	-0.1302407910715639	0.1553655953458033	-0.04492692689616794	0
0.08392145052059835	-0.012156057783539164	0.31658907449347673	-0.288146193337746	0
-5.196031971850943e-05	-0.20007087923690325	0.31145423968501906	0.09180710152451892	0
0.23439769780425532	-0.14586294172070474	0.20693144811225067	-0.21530745959348757	0
-0.06595195205561079	0.06291022497462463	0.16185847415928326	0.02341217501297643	0
-0.25852439089719537	-0.4961062222176551	0.30148008957239064	0.5235151074386792	0
0.4121928347738247	-1.0398215339887242	0.3503848078401208	-0.012623431931727607	0
-0.2824032714199512	0.41934533200130664	0.2287283005879406	-0.5295012537740511	0
-0.14700074500670882	-0.5265221922018551	-0.14616117731743056	0.7061228282065426	0
0.317341044101641	-0.23406463505261574	0.13853652160070792	-0.18578937787247338	0
-5.196031971850943e-05	0.010155377291471614	0.29140545267758855	-0.14308434063658118	0
0.04449486681587049	0.07143833396927675	0.07773491385419262	-0.05000630461619714	0
-0.046676104657782394	0.05430876131193903	0.3503848078401208	-0.23039980763919757	0
-0.4250209065467528	0.12918157072831307	0.45883333418652367	-0.06278439823493831	0
-0.2824032714199512	0.04563267010187463	0.3598851643039857	0.05819425757985283	0
-0.05626758428910514	-0.017303788909180887	0.2709464739424361	-0.00046670550977962296	0
