A	T	C	G	N
-0.43614037728665306	-0.1981833668123277	0.3107046068008165	0.31368837457581034	0
-0.3806401555109458	-0.22093197268713155	0.29441758122502715	0.31434167621847603	0
-0.3853018844149338	-0.22604373191950766	0.31088710673399	0.3042180882423899	0
0.13173841983902615	0.029609403671341857	-0.325295612389891	0.22102240422783168	0
-0.19821994126451528	-0.21622555884493877	0.28467366761979224	0.21000612670305718	0
-0.11179641920922077	-0.1667968930043518	0.18155207821308633	0.21395479915847337	0
-0.27439144931203235	-0.026726641701207626	-0.020776599627920507	0.37888461324055883	0
-0.27439144931203235	-0.1955758575543952	0.3989282312913794	0.11894014218543782	0
-0.19821994126451528	-0.039133748748261275	0.24748738696675882	0.11459703003827282	0
-0.3437105318604314	-0.1116104774370609	-0.015575027431847214	0.4637354848074308	0
-0.42171616406889073	0.0024370290342349567	0.33707105928005365	0.1297161085299294	0
-0.015663339223268742	-0.5123886000651018	0.45231872518927696	0.03772303625595984	0
0.5068446603970787	-0.7874584907341943	-0.6743019841053133	0.3970970371638572	0
0.24371355145685966	-0.33980029681889495	0.30746667714834897	-0.1999199553457325	0
-0.3339701951120466	-0.8416723073283416	0.5687469306695817	0.2676589781303346	0
1.3495526105110969	-3.2284871343501402	-3.1667558395286965	-3.212181530850934	0
-3.2655679063301624	1.3866333824911192	-3.1667558395286965	-3.212181530850934	0
-3.2655679063301624	-3.2284871343501402	-3.1667558395286965	1.4029389859903254	0
-0.1731489902631235	-0.31976623778577895	-0.2514451332852795	0.5985132224473242	0
-0.06875179952669391	-0.31317642810672336	0.5585724242932723	-0.23634279781651377	0
-0.6330252577360976	0.03541999526680755	0.035004653120236234	0.4606609243531852	0
-0.18699962719702243	-0.07730632225329097	-0.03126162359954675	0.3688089612518174	0
-0.05888735455578013	-0.15832226601337965	0.3515509502803682	-0.032865870682566266	0
-0.3701583544040407	-0.06955434544897296	0.2354511333348112	0.26391715898433915	0
-0.17590381294196802	-0.11699407052053366	0.13579246106361959	0.26578981870763096	0
