A	T	C	G	N
-0.01138268620570906	-0.010244882919704911	0.2589622605949409	-0.054766802712765364	0
-0.23247861303883882	0.0782861005861267	0.44970418551842706	-0.1711319498703471	0
0.158475024689501	-0.1674417209861395	0.18094392099792928	-0.018804639074570674	0
0.27424756039467657	-0.19888096548423223	0.0038666221198752886	-0.0012971891019419096	0
-0.06572912009820933	-0.06459131681220512	0.2885414652597109	0.049457952871332846	0
0.14725408110284752	-0.010244882919704911	0.023053703441554125	-0.03662406995250542	0
0.27424756039467657	-0.09291379899919895	0.09631970751316088	-0.23482070190208226	0
-0.024694916875484127	0.04129963618967927	0.3856782262921942	-0.3028432920878531	0
0.07714829730012267	0.0028924578900111735	0.27386122510914723	-0.23482070190208226	0
0.07714829730012267	-0.15208515384953616	0.27386122510914723	-0.018804639074570674	0
-0.12319968738875604	-0.19888096548423223	0.630743186955668	-0.23482070190208226	0
0.27424756039467657	-0.33556556533693277	0.14794851607933285	-0.0012971891019419096	0
0.3869158351579764	-0.49393604777488065	-0.09801293856298152	0.1438379140072091	0
-0.06572912009820933	-0.35404354857467857	0.9090145262696082	-1.0786174646211075	0
0.421817301125514	-1.2623468691714297	0.16458229945906452	0.24374980919255082	0
1.241191349945769	-3.3727913636094864	-2.976868254397587	-3.0919926009853187	0
-3.3739291668954903	1.2423291532317733	-2.976868254397587	-3.0919926009853187	0
-3.3739291668954903	-3.3727913636094864	-2.976868254397587	1.5231279158559405	0
0.0891792412599231	-0.7915341316344287	-1.0158063003216717	0.8546899384973718	0
0.1128154160483041	-0.13696084861695831	0.5555359371874043	-0.6335135285287867	0
-0.024694916875484127	-0.05072531539630208	-0.07678973111187579	0.2966582071824358	0
0.027522635325218245	0.20327835448943274	-0.09801293856298152	-0.07324478595051107	0
-0.10851944723819239	-0.19888096548423223	0.7006877892160496	-0.42763109488544	0
0.06497084530916367	-0.12206188410275202	0.0038666221198752886	0.2162074458119624	0
-0.23247861303883882	0.11395321933430817	0.331331792399694	-0.054766802712765364	0
