A	T	C	G	N
-0.0899775388266406	0.19821722649724974	0.15500166089735268	-0.16016303337671312	0
-0.052131729582157296	0.23516924631941147	0.194773720280666	-0.3677496724873068	0
-0.06842205113703784	0.3225483333041184	0.16260798826116538	-0.5443410170803328	0
-0.06770448817956763	0.2587801016851143	0.1427921406464531	-0.32359978445131665	0
-0.05260681143099562	0.2925737991813212	0.18502877179510066	-0.5200733592683755	0
0.026239123457831786	0.2222539760457625	0.18809717387346384	-0.4944600291852645	0
0.08038247519233509	0.21302626454001153	0.1449893735577585	-0.5316355766545133	0
0.16344762599579707	0.14810333075317078	0.07552771752494317	-0.45968985951987773	0
0.057950733161556515	0.22112382689719903	0.07552771752494317	-0.3916479769568949	0
0.04712499233047645	0.17731480671592695	0.13836245341404177	-0.343492308208658	0
-0.02041248214858044	0.2025830325101293	0.2679968817059617	-0.46853008682238634	0
0.18895758656597825	0.1579356071309099	-0.0839233106618051	-0.343492308208658	0
-0.02542217470454802	0.23216691620042734	0.19114203269753965	-0.40930518088578083	0
0.16538509900220413	0.03958323330152382	0.2923186523582256	-0.5560627317860404	0
0.2746972396781298	-0.19397392213271886	0.18782917575807923	-0.2159039057578317	0
1.1973074884003387	-3.4135885040757965	-2.9039478387330093	-3.038464321973257	0
-3.4178130284409205	1.201532012765463	-2.9039478387330093	-3.038464321973257	0
-3.4178130284409205	-3.4135885040757965	-2.9039478387330093	1.5766561948680025	0
-0.07257928490431592	-0.20791726013239892	0.08285321498272115	0.3999828616583278	0
0.01691888861960279	0.31840131730669347	-0.04102138803456341	-0.42091678371710345	0
-0.024886864651885672	0.15017014644954998	0.05927555790235839	-0.06338261016801212	0
0.14266864969329066	0.2846580271193626	-0.0882763998862181	-0.5755451325288444	0
0.039006218086871464	0.3402804376043941	-0.09521316466069743	-0.47280461108103283	0
-0.021013293028166163	0.26443547525468636	0.08285321498272115	-0.34780856471968935	0
-0.10148780607375474	0.32391613854110834	0.11720905003420205	-0.404202371534985	0
