A	T	C	G	N
-0.47328797120019966	-0.18613154471180754	0.35558592549254725	0.2801852379495148	0
-0.4656169320806307	-0.1809499219586274	0.371995629960903	0.2557033294007929	0
-0.4250483035972346	-0.18784367744081362	0.3263515705910524	0.2864042943732318	0
0.11118484339814992	0.09779843330553342	-0.5661528094333352	0.29690805323575004	0
-0.20321173693739875	0.012596404010514275	0.27027405182094877	0.04461654177399533	0
-0.30735019988553275	-0.06229297635633501	0.21678775153162802	0.23921167710404095	0
-0.2309480316056723	0.047188165553220925	0.029334235491537432	0.263165593186958	0
-0.2865512618767802	-0.0756588408476778	0.4129446518367715	0.009353822260986518	0
-0.3333730058070896	-0.028722138339074957	0.3182902784187772	0.12289463137346589	0
-0.35517989324543453	-0.01777771740250599	0.13740998357078174	0.30274877717454196	0
-0.4528862001730658	-0.032397059329906504	0.4607051273586629	0.018286760014658593	0
-0.09747883938817675	-0.3479350115946891	0.38367041956508274	0.1051158106529564	0
0.19716924018354828	-0.7455692654949537	-0.1763684587775051	0.48233875395155723	0
-0.02801027822109333	-0.2867508595315849	0.47022640181488745	-0.13935910302212404	0
-0.34785796562811566	-0.1831082205449843	0.32241836486116054	0.24489973191491368	0
0.02529166452438854	-0.5990836047873946	0.6277168966731258	-0.277592738393933	0
-3.1389768716533015	1.267581855141728	-0.7143479068409041	-2.751726266473893	0
-1.8870635930722546	-1.3111280055635963	-1.2560311144304694	1.2476169905572	0
-0.38501578357471133	-0.39707478132552676	0.0126278903362599	0.5983520988543177	0
-0.12433999811919234	-0.2403635808850199	0.4535042033321264	-0.04788587930324075	0
-0.4886308022684476	0.024840098492431816	0.21983546582096766	0.26871938889325114	0
-0.48026791796984397	-0.03793488752269866	0.4028592190990777	0.11968554048185759	0
-0.4886308022684476	-0.05661898765031749	0.43281540486257764	0.10184906159033616	0
-0.3900761389826114	0.009070493758929073	0.3548435607459662	0.08202123887834645	0
-0.3167348733184729	-0.045366688816829245	0.349511849836366	0.08867429137798624	0
