A	T	C	G	N
-0.08528657652518853	0.09997621055392104	0.25737278953466963	-0.11745101441096668	0
-0.009121674118310663	0.10941845635563739	0.25996632055679036	-0.25364445745706415	0
-0.005924431252389781	0.15455159070972427	0.19613858537148746	-0.2548553158846057	0
0.026413148446931566	0.15205972675782076	0.15527587464628057	-0.24977018698673673	0
0.09686257979150974	0.1744229972898809	0.09406152708880332	-0.3473284806217143	0
0.12689805571550636	0.11252205111384132	-0.06740551803659345	-0.10240159545341036	0
0.05923478900442639	0.15086442607453615	0.16702009078438418	-0.32419851794505655	0
0.04262587042098474	0.07671015548106347	0.23607162017843833	-0.24714254498177532	0
-0.036958960647272075	0.21865783052260107	0.2245308984623327	-0.38309350339749576	0
0.009189640462087065	0.09702609663870222	0.2921642598280587	-0.3118877232621238	0
-0.14937697992045376	0.15837856537432862	0.39758761490942657	-0.35209576057921965	0
0.02081767466087255	0.2219447423775486	-0.058411792326895424	-0.13322976949150497	0
-0.16075484393116157	0.20790351197000465	0.3288835745075524	-0.3209914326589004	0
0.0067378195430709015	0.12187096610288949	0.4209012054161642	-0.6261727384436723	0
0.10399481679727685	-0.31034729926870763	0.2590762579503257	0.11874896449220046	0
1.241191349945769	-3.3727913636094864	-2.976868254397587	-3.0919926009853187	0
-3.3739291668954903	1.2423291532317733	-2.976868254397587	-3.0919926009853187	0
-3.3739291668954903	-3.3727913636094864	-2.976868254397587	1.5231279158559405	0
0.2986793906962418	-0.2697384713389497	-0.020508604268835808	0.05008419493852539	0
-0.09893625780594607	0.4036003968603331	-0.088608429704566	-0.3233674194079931	0
-0.06597658884770453	0.16209562600858732	0.12618463787294956	-0.09058028691562435	0
0.043589983252359424	0.2229590745356681	0.14867012708592445	-0.4323528893026784	0
-0.011884990116827684	0.2933634768420738	0.08557580994319144	-0.40612761011258847	0
-0.02959240276375706	0.22988191284514775	0.055525471879221	-0.18973674656497239	0
-0.2428475339672168	0.3530545607681404	0.20276660394767732	-0.3474843438863055	0
