A	T	C	G	N
0.09876665209876685	-0.3843216921013375	0.17259518252522663	0.19723944200136603	0
0.06759934555345921	-0.35879382214799455	0.2657044617751246	0.11939507825310752	0
0.19033864039603804	-0.5153628828395344	0.1852429059279256	0.16111994584475584	0
0.426211470117363	-0.2345206558908445	-0.4170600067866824	0.11083704570437594	0
0.17268281452714737	0.01096466001469462	-0.14421585951342902	0.06691254965945186	0
-0.06779935557799878	-0.34627017693689105	0.06520555072396063	0.4031281621694211	0
0.11776418392507852	-0.05656774479562257	-0.0032138972402876737	0.08471453290961302	0
-0.02782955914563686	-0.11902800472019193	0.2848474659423821	0.006764913304004009	0
-0.18802079443865874	-0.35879382214799455	0.3036308882045868	0.3019296502784567	0
-0.02782955914563686	-0.051920896285247285	0.13806434565283518	0.10653040683446022	0
-0.2191597918997209	0.019633981757972454	0.31473388901544314	0.01625715353694921	0
-0.10003050651558747	-0.5605853583579598	0.4805414792822504	0.14463832018515613	0
0.4038454273707455	-0.47917948556001455	-0.09867583362734546	0.10220514057583788	0
0.21795516936388498	-0.15949887926740777	0.08854928112545446	-0.03710176880157778	0
-0.15287661538273492	-0.4863121834174417	0.20186148531569678	0.42847003146192547	0
0.706470427557774	-1.2716248871022404	0.09773630026586319	-0.37118523151889093	0
-0.7760118747135257	0.9904325165681613	-0.7824072702957681	-0.7988148353594937	0
-1.8349435743867244	-0.8645911512214495	-0.7287463289579503	1.1768361659542588	0
0.09876665209876685	-0.18565099730585347	-0.04452075047589043	0.24345482816189762	0
0.10640902785080483	0.05357869175998057	0.22628272339250005	-0.30391037405932003	0
-0.05429780034460551	-0.16987779962875915	0.16834347544011896	0.20117335738154116	0
-0.01916023740235887	-0.11902800472019193	0.2657044617751246	0.020969697602321244	0
-0.08608976029837598	-0.06592672747416639	0.22628272339250005	0.08471453290961302	0
-0.17785293866411814	-0.1543495373022039	0.2810480692746354	0.18134717268185738	0
0.07940121345645146	-0.07537412887021454	0.14244647361187676	0.006764913304004009	0
