A	T	C	G	N
-0.1810756962648849	0.24771644151925715	0.354148699288473	-0.42565104328549985	0
-0.024408489332882064	0.1409764720172962	0.3620206895588527	-0.4693088594674459	0
0.08035359603571998	0.1409764720172962	0.2515942184427196	-0.5121878825266796	0
0.09679457466917755	0.14877986705755644	0.12744243390695564	-0.3695252509876726	0
0.13409430397371583	0.090178617403488	0.28339784317062355	-0.5826657563433274	0
0.27018047475126433	-0.025464399067515076	0.24636320517646462	-0.6331652641206027	0
0.3297336915403584	0.07927938094323399	0.06793274920633983	-0.8220487508667529	0
0.13144411932485997	0.19644530035494182	0.18622725814939486	-0.7097919623357862	0
0.0914931325372613	0.3013118486709216	0.14832958163206805	-0.9153710059135758	0
0.08330777129195811	0.14347082105462328	0.19854723657069628	-0.43325485492047683	0
0.04134474632836618	0.15121259541851756	0.39772522817987677	-0.7643459846689359	0
0.22841203126220516	-0.12199921727320014	0.39772522817987677	-0.5851598868398272	0
0.6296146139934283	-0.7150032444008871	-0.13476163763906768	-0.2692781208793156	0
0.46514294569841413	-0.4777210059594969	0.40974664467132654	-0.8292993042651197	0
0.33454864587789346	-0.12983637728653938	-0.02718173289262296	-0.20843569398456058	0
0.4762111273110262	-0.5835598760871001	0.47631113574397593	-0.8904804607402008	0
-2.684925519231461	1.1322906299556303	-1.0054774147492564	-3.038464321973257	0
-0.4536551004855246	-0.5677367611478575	-0.7249055804799802	1.0317167669188776	0
-0.32309184622514214	-0.3067017216963296	-0.26682287686880435	0.781324847928487	0
0.016174176044225528	0.16616961761218665	0.1405745989904139	-0.25746512122487925	0
0.08359650362576634	0.19586742000392857	0.0174685408451158	-0.30902293088972915	0
0.16194509324706238	0.2732618658113589	-0.02718173289262296	-0.6909575415876995	0
-0.056124689783391635	0.3260097551139775	0.21495831911224186	-0.6909575415876995	0
0.09976500459489147	0.06306728883795225	0.3696209006655492	-0.592598221388857	0
-0.04679626392875637	0.313081326818575	0.2616412409949495	-0.7716464528378424	0
