A	T	C	G	N
-0.05438418212345481	0.15225508666625354	0.40959795571912383	-0.5397717853735968	0
-0.06278667647552338	0.1431838080330225	0.4089134637225084	-0.49720309883268143	0
-0.027943799297242663	0.12337300487192197	0.37903955216132124	-0.4564293881038687	0
0.025450096843790296	0.11475467647578841	0.3413115658197893	-0.4717647599444704	0
0.06028630639999702	0.08844486962697173	0.25012738163952913	-0.3236147845488723	0
0.2490047847674722	0.07277162041469565	0.04170796286619783	-0.4021299132115948	0
0.07163381712869153	0.14459936588165448	0.17128435840348602	-0.34154203381244774	0
-0.006438262536293395	0.12053941146419699	0.44287369495151013	-0.6463915335813111	0
-0.06741789596946418	0.1305458050243531	0.42585916934496776	-0.49389399070029666	0
0.00016693216245634548	0.1284165590373258	0.2709829921770904	-0.3249403783269848	0
-0.09966674174343346	0.1633253359520397	0.4530099181453118	-0.5767138473176951	0
0.17376796466830388	-0.2334385038285619	0.46595813551117227	-0.3904561583997579	0
0.4744187942568737	-0.38341728879798775	-0.06482382160252623	-0.15723712393004316	0
0.34478253764326383	-0.30834794839150875	0.5058874788354781	-0.9153221069265357	0
0.16695876171823992	-0.1653529705588047	0.022411554532452374	0.11544579206536265	0
0.5355871833214548	-0.7792594909303416	0.44433397159546456	-0.7753021138718001	0
-2.092448510499206	1.0594810760982094	-0.35739055102586276	-2.157030572905146	0
-0.903305944736294	-0.45825694191332533	-0.482744949504663	1.0289751755977283	0
0.3966469331004083	-0.4971390654568528	-0.20120760276614835	0.1967346109405132	0
0.060965025997031755	0.24773546007128638	0.07632321601102054	-0.4225594509263506	0
-0.1090935139547676	0.15303124850792837	0.1742797212902488	-0.07256303007765527	0
-0.021683706507245697	0.18560609237065617	0.33005451047026346	-0.5250977176182906	0
0.009817250521829156	0.14471899417277154	0.3504519337734985	-0.530511329800324	0
-0.06958558430956607	0.2229590745356681	0.21555673237590148	-0.3207233142186551	0
-0.19020695029642823	0.30445244438372926	0.33775238282553144	-0.5414272770747012	0
