A	T	C	G	N
0.07203061831906167	-0.11673743920157226	0.20376681308906489	0.04445054678840048	0
0.14455534269243245	0.11719413829937037	0.26320200983420583	-0.6531005414868001	0
0.0636377868464518	0.1409764720172962	0.1405745989904139	-0.2962995020936418	0
0.09679457466917755	0.1331117047774877	0.10064913658123004	-0.2962995020936418	0
0.038028192642127506	0.024807878628355644	0.3408894225626882	-0.2962995020936418	0
0.19753784306962013	0.08457812040084424	0.10064913658123004	-0.42819309907647535	0
0.07203061831906167	-0.0019436051731378874	0.12744243390695564	-0.0338673466590179	0
-0.09100465596096498	-0.029430447859824613	0.4423448325543793	-0.13373644294293935	0
0.20488271633875632	0.06786231121157588	0.15353654326728675	-0.4905185622743043	0
0.14963946389265415	-0.06033465054500965	0.07052172573052388	-0.02298299590009404	0
-0.06455917491013378	0.12252819548572949	0.5229634473202839	-0.7073289461575255	0
0.3297336915403584	-0.08226020483140209	0.05388165390327501	-0.37460995054443785	0
0.45627889511718955	-0.4991372158981413	-0.13221097786171956	0.026605904301415174	0
0.14698807105339348	-0.22885855275035966	0.7060859656977291	-1.0183071902409015	0
0.24951431251522835	-0.5600666721133414	0.3876414480695873	-0.012274203333305615	0
1.1973074884003387	-3.4135885040757965	-2.9039478387330093	-3.038464321973257	0
-3.4178130284409205	1.201532012765463	-2.9039478387330093	-3.038464321973257	0
-3.4178130284409205	-3.4135885040757965	-2.9039478387330093	1.5766561948680025	0
-0.24442492490690534	-0.7884461466544569	-0.780854522673328	1.0210856844952998	0
0.0914931325372613	-0.4991372158981413	0.8109525140137089	-0.6331652641206027	0
0.015294823191219541	0.15121259541851756	-0.4048373654354607	0.20112198318130345	0
0.22841203126220516	0.028278271907937642	-0.22128531461075046	-0.05272733941119128	0
-0.11613996152803471	0.0625663655347723	0.5889200462860213	-0.5851598868398272	0
-0.02052883373528196	0.1198792574847779	0.19854723657069628	-0.16935856858123438	0
-0.06719214664060696	0.15889489485877942	0.06793274920633983	-0.025577578992125573	0
