A	T	C	G	N
-0.5171067466051406	-0.22335919765701703	0.3698659597101594	0.3486080029969225	0
-0.4921114987708429	-0.2024163763190478	0.3855595714955007	0.30727495498361357	0
-0.4497301775921754	-0.266192510462298	0.38406498122482174	0.3270275611647266	0
-0.03565495342327007	0.06866687777088794	-0.2666824925719294	0.30170721023948077	0
-0.2574000334046944	-0.10159946564653784	0.3947595509894174	0.06661805739878866	0
-0.31919370635186367	-0.1922059621099333	0.24541301507009988	0.33848281977239847	0
-0.28451577994290417	-0.0011561628066979585	0.09338334927411523	0.3044781970284326	0
-0.3294909267269311	-0.11985112740659304	0.4344516899899812	0.08660082530320042	0
-0.35748011284126197	-0.05601144860124306	0.32180129430190624	0.18717324537956273	0
-0.4621141950254576	-0.13745497750478727	0.23066153836405529	0.39186249339024254	0
-0.4753326339578408	-0.02115630773567092	0.49027910035380223	0.016226390364156188	0
-0.18417371784360112	-0.31514410279268573	0.42290221703466846	0.14100618101161622	0
0.1363942543877639	-0.6912688570938426	-0.1265062804140066	0.5061508537531271	0
-0.09753783524896964	-0.23152964764231973	0.45902713142794305	-0.058483073606782024	0
-0.3622220988944841	-0.21433472193472924	0.3492672293147794	0.2806763831758603	0
0.04580252323547402	-0.7191195075355433	0.6494564651521589	-0.2200319583473787	0
-3.1360593275478923	1.2402707160016095	-0.7293589739697609	-2.729994804166017	0
-1.9644138602039007	-1.0633672929572529	-1.2007567476268863	1.2589652716425783	0
-0.4464793085080832	-0.4141699440514765	0.14921845705050096	0.5833828511823548	0
-0.20527939257787872	-0.351139494800974	0.5153023001411017	0.05691806158831017	0
-0.5091639864812513	0.04263920338650729	0.2053142489727541	0.3037861698456693	0
-0.517456710189451	-0.02732356515363042	0.4125228253639879	0.15556330284737557	0
-0.534251361301343	-0.01590019198455627	0.4836206010281551	0.05957285992285719	0
-0.3741763851570007	-0.047859451063818705	0.366484929775147	0.1401912049675514	0
-0.39238010858593614	-0.006335151189350514	0.37667502766540334	0.10111821475348162	0
